10 0.65859375 0.256100932089405 0.10625 0.10592383068109026
8 0.440625 0.6926271360598154 0.1765625 0.4598669906906352
10 0.321875 0.2514016047103616 0.059375 0.06162839067472685
10 0.52578125 0.27018051873804216 0.0390625 0.04889203333863614
10 0.2703125 0.24298912070336193 0.0421875 0.05205339600572696
10 0.80078125 0.25931793344204046 0.0703125 0.08050566000954502
10 0.728125 0.2694100014321773 0.0765625 0.07589088534372675
10 0.28046875 0.24310729937140732 0.028125 0.048764764003817976
8 0.23203125 0.6050436780314985 0.1609375 0.45031017735518086
8 0.64453125 0.748906050087496 0.203125 0.424238573360908
8 0.1109375 0.5372283746817266 0.1609375 0.38937267735518083