10 0.6455736923343695 0.22927437905853992 0.11173643939369349 0.10777905925034234
8 0.40459465174290915 0.6746791219324039 0.20055543645301732 0.4629499440483629
10 0.30889588591193434 0.2382906440357277 0.06256859905006032 0.06266513605166182
10 0.5119423207830719 0.24876382812146777 0.041601001809022264 0.049574102665567034
10 0.2577428216875831 0.23197845955427615 0.04488977611928178 0.05279003087881238
10 0.7876793051792397 0.22669964535587592 0.07448874491161739 0.08173338479802066
10 0.7144498450933314 0.23975122631383056 0.08049308344622812 0.07722774122451134
10 0.26789907168758303 0.23168294286122873 0.030663501809022265 0.04925585391920819
8 0.20046375169748068 0.5955923301665318 0.1844391135222388 0.4531203029821361
8 0.6056757948909327 0.722652306018144 0.22523453188503312 0.4277853338609486
8 0.08673648151329218 0.5327095484297896 0.17347296302658435 0.39218280298213626